Solution 86:

     0  3  5  7  2  1  6  4  | 0  3  5  7  2  1  6  4  | 2  5  7  1  4  3  0  6  | 7  1  4  5  2  0  6  3  
2  |             2           |       5  7              |          1  4  3  0  6  |                         | 62
28 | 0                 6     |    3        2           |    5  7                 |    1  4                 | 93
23 |    3  5                 | 0              1  6  4  | 2                       | 7                       | 101
19 |          7     1     4  |                         |                         |          5  2  0  6  3  | 106

Solution 116:

     0  3  5  7  2  1  6  4  | 0  3  5  7  2  1  6  4  | 4  7  1  3  6  5  2  0  | 6  3  1  7  4  5  0  2  
14 |                   6     |    3                    |                         |       1  7  4  5  0  2  | 50
30 |             2           | 0     5              4  |    7  1  3  6           |                         | 67
19 |          7     1     4  |                         |                5  2  0  | 6  3                    | 109
0  | 0  3  5                 |          7  2  1  6     | 4                       |                         | 125

Solution 161:

     0  3  5  7  2  1  6  4  | 0  3  5  7  2  1  6  4  | 7  2  4  6  1  0  5  3  | 0  3  5  7  2  1  6  4  
0  |                         | 0  3  5                 | 7  2                    |                1  6  4  | 24
7  |                         |          7  2        4  |          6  1  0  5  3  |                         | 27
26 |                   6  4  |                1        |                         | 0  3  5  7  2           | 85
0  | 0  3  5  7  2  1        |                   6     |       4                 |                         | 156

Solution 175:

     0  3  5  7  2  1  6  4  | 0  3  5  7  2  1  6  4  | 0  5  3  1  6  7  2  4  | 1  6  4  2  7  0  3  5  
0  |                         | 0  3  5                 |                7  2     | 1  6  4                 | 24
9  |                1  6     |                      4  |                         |          2  7  0  3  5  | 85
22 |             2        4  |          7              | 0  5  3  1  6           |                         | 90
0  | 0  3  5  7              |             2  1  6     |                      4  |                         | 140
